acc,loss,val_acc,val_loss
0.3323772922646766,2.3317021196380963,0.35949560441442996,2.2068695956481075
0.38852506967231576,2.0966730807074474,0.39152407416531965,2.0578477182166544
0.41493130316793553,1.9800467335897036,0.42239880399787355,1.9452083236955493
0.43464660334611505,1.902071366396168,0.4333187084816409,1.8927394672040558
0.44822753235876084,1.8480578880841148,0.44025739775164396,1.859769804205447
0.45793690129040526,1.8069857774925717,0.45299728627761937,1.8192843049597556
0.4674147078658076,1.7725373547158365,0.45803474218777296,1.8074801489995325
0.4752472029714667,1.745802884500843,0.4661596710931922,1.777847155073125
0.48178376138563345,1.7176678731464996,0.4695883910918922,1.7631792883011426
0.4874712578305849,1.69601831481719,0.4694096426888723,1.7566863683499006
