acc,loss,val_acc,val_loss
0.4961812523869594,1.664658173312033,0.4774858220087432,1.7334500586983248
0.503347497908056,1.6375272364995572,0.4785583126409159,1.7306253512409828
0.5054559340905255,1.629189537245379,0.479322055908765,1.728665102033566
0.5073693703946278,1.6233619552303042,0.4795008043941131,1.727972386489228
0.5081778073883861,1.6190430833444178,0.48042704625656524,1.7276360643322808
0.5091974942515661,1.6152744607999725,0.47919205706272067,1.7262489170707271
0.5106071808714805,1.6120746759047715,0.48065454426595766,1.725421145829798
0.5106315558553987,1.6090832069596452,0.48099579129651193,1.7253840965980514
0.5113303054195277,1.606505367351936,0.4807845431613989,1.7254622405237732
0.5120168674904264,1.6040990536553297,0.4810607907442325,1.725281521695163
