acc,loss,val_acc,val_loss
0.15701958936287772,3.2212454964183466,0.15401615236738397,3.073708989471088
0.15866490083492127,3.0511178357771422,0.15401615236738397,3.0539365679378694
0.15866490083449752,3.0324079955150207,0.15401615236738397,3.033434668306964
0.16183771135149094,3.00793867158395,0.17375972960212382,2.999472215276011
0.18156113652477396,2.9572818100486806,0.197874518599173,2.937313785132853
0.2126758045777432,2.8804768372956633,0.21799184256653467,2.871783251052547
0.23255360465411817,2.803536981237922,0.20421196314508033,2.855489940560711
0.25108671807086175,2.7296719744588316,0.23282796273547027,2.746787635859973
0.2658132713667054,2.6638020916059957,0.2411316401112248,2.7252235552768673
0.2747507657807714,2.6097547748406393,0.26770015763669647,2.6059128816530817
