acc,loss,val_acc,val_loss
0.5143731160169236,1.5909598740659112,0.48270202636695503,1.7250548819058718
0.5179074888073352,1.5785320966292191,0.4820195323387778,1.720507552036061
0.520812174492512,1.566774161009173,0.48257202748797945,1.727029829425558
0.5244074847462906,1.5545644864214891,0.4838882659573328,1.7238894004468754
0.5265524834042136,1.5434574262813245,0.48322202183346047,1.7255447862823918
0.5303549810281368,1.5325065381162162,0.4836282682129415,1.7254662573784065
0.5322968548154343,1.5222412412610609,0.4835957685631766,1.7304045104792953
0.5357052901844358,1.5123426283517873,0.483872016113079,1.7323559754058184
0.5385327884172494,1.5024464925979326,0.48177578448803726,1.737689540204458
0.541214036741227,1.4938424779370456,0.48351451929057354,1.7486968636309357
