acc,loss,val_acc,val_loss
0.5097906188811053,1.6133530378967373,0.4805407952941927,1.7278723891465326
0.5111028055617151,1.6069016613300047,0.4806057947254477,1.7254923327033964
0.5122890548193407,1.6010648010388764,0.4827182762412344,1.7254049231034834
0.5146656158339901,1.5950405408930897,0.4833032710595724,1.7238337732961075
0.515742177661139,1.589512949943837,0.48309202298741616,1.7231941355218328
0.5166074896212876,1.58416011940917,0.4832870212811811,1.727679408244172
0.5186062383720695,1.5785656894345008,0.48333577085462237,1.723687183351566
0.5198859250708125,1.57352491376909,0.48372576742568657,1.7227880790899637
0.5215881115079146,1.5683374879320042,0.48424576281276954,1.723993158936704
0.5229368606645831,1.563377283622087,0.48288077481937186,1.7259901090055623
