acc,loss,val_acc,val_loss
0.5490059068713082,1.4677807521793722,0.4810607907442325,1.74878485541904
0.5519918425050985,1.4562303199564433,0.4811257901289963,1.748937122210332
0.5540840286979664,1.449275092203719,0.48141828763260053,1.7498512417361325
0.5564199647384906,1.4423142275263616,0.4797120525621574,1.7588017497378592
0.5566718395801002,1.4381294161776508,0.47932205589520505,1.761281163603095
0.5592027754992339,1.4330501535000666,0.47865581180426403,1.7679206893388233
0.5607505870318517,1.4271315828912396,0.47789206840759557,1.775946587031151
0.5621358986655476,1.4220248730067369,0.4767708282814041,1.7776147487187215
0.5639843350097906,1.4165348745931847,0.4759908350433875,1.7856569787016634
0.5656215214875177,1.4112064049582675,0.47421960057171497,1.7963704340024658
