acc,loss,val_acc,val_loss
0.537257164215241,1.5039262209087216,0.474089601709205,1.7769678790653105
0.5391665380209137,1.4954962515490637,0.4733746079639474,1.783050325828106
0.5395240377984449,1.4940040483590729,0.47790831826250363,1.7684812847736815
0.5404543497155472,1.4894938693376119,0.4792570565104413,1.7695110584212326
0.541478099076188,1.4847925596011622,0.47629958233894293,1.7779172077876944
0.5430705980808762,1.4788427614904776,0.4758283364952756,1.7709852601169278
0.5443299722940095,1.4735493636688604,0.4780545669828273,1.770710921633896
0.546568408395229,1.467283244935053,0.4809632915644188,1.7730503906506538
0.547523095299034,1.4620012737292363,0.4792733063517894,1.7727066793599688
0.5503262185465977,1.4556681565813314,0.4785095630839403,1.7814195849126473
